        Tracepoints 
                      Tracepoint Locations 
Frame CG          x =      2.800   y =      1.850 
Tire Center       x =      0.600   y =      0.500 

                        Joint a               Joint b              Frame CG            Tire Center      
Input (deg)          ax        ay          bx         by        X          Y          X          Y     
28.179,             3.226,      2.769,      1.755,      0.739,      2.800,      1.850,      0.600,      0.500
28.041,             3.230,      2.761,      1.757,      0.733,      2.803,      1.843,      0.602,      0.495
27.902,             3.234,      2.754,      1.759,      0.727,      2.806,      1.836,      0.603,      0.490
27.764,             3.238,      2.746,      1.761,      0.721,      2.809,      1.828,      0.605,      0.485
27.626,             3.242,      2.738,      1.763,      0.714,      2.812,      1.821,      0.607,      0.480
27.487,             3.246,      2.730,      1.765,      0.708,      2.816,      1.814,      0.608,      0.475
27.349,             3.250,      2.723,      1.767,      0.702,      2.819,      1.806,      0.610,      0.470
27.210,             3.254,      2.715,      1.769,      0.696,      2.822,      1.799,      0.612,      0.465
27.072,             3.258,      2.707,      1.771,      0.689,      2.825,      1.792,      0.614,      0.460
26.934,             3.262,      2.699,      1.773,      0.683,      2.828,      1.784,      0.616,      0.455
26.795,             3.266,      2.692,      1.775,      0.677,      2.831,      1.777,      0.618,      0.449
26.657,             3.270,      2.684,      1.777,      0.670,      2.834,      1.770,      0.620,      0.444
26.519,             3.274,      2.676,      1.779,      0.664,      2.837,      1.762,      0.621,      0.438
26.380,             3.278,      2.668,      1.781,      0.657,      2.840,      1.755,      0.623,      0.433
26.242,             3.282,      2.660,      1.784,      0.650,      2.843,      1.747,      0.625,      0.427
26.103,             3.286,      2.653,      1.786,      0.644,      2.847,      1.740,      0.628,      0.421
25.965,             3.289,      2.645,      1.788,      0.637,      2.850,      1.732,      0.630,      0.416
25.827,             3.293,      2.637,      1.790,      0.630,      2.853,      1.725,      0.632,      0.410
25.688,             3.297,      2.629,      1.793,      0.624,      2.856,      1.717,      0.634,      0.404
25.550,             3.301,      2.621,      1.795,      0.617,      2.859,      1.710,      0.636,      0.398
25.411,             3.305,      2.613,      1.797,      0.610,      2.862,      1.702,      0.638,      0.392
25.273,             3.308,      2.606,      1.800,      0.603,      2.865,      1.695,      0.641,      0.386
25.135,             3.312,      2.598,      1.802,      0.596,      2.868,      1.687,      0.643,      0.380
24.996,             3.316,      2.590,      1.805,      0.589,      2.872,      1.679,      0.645,      0.373
24.858,             3.319,      2.582,      1.807,      0.582,      2.875,      1.672,      0.648,      0.367
24.720,             3.323,      2.574,      1.810,      0.575,      2.878,      1.664,      0.650,      0.360
24.581,             3.327,      2.566,      1.812,      0.568,      2.881,      1.656,      0.653,      0.354
24.443,             3.330,      2.558,      1.815,      0.561,      2.884,      1.649,      0.655,      0.347
24.304,             3.334,      2.550,      1.818,      0.554,      2.887,      1.641,      0.658,      0.341
24.166,             3.337,      2.542,      1.820,      0.546,      2.891,      1.633,      0.660,      0.334
24.028,             3.341,      2.534,      1.823,      0.539,      2.894,      1.625,      0.663,      0.327
23.889,             3.345,      2.526,      1.826,      0.532,      2.897,      1.618,      0.665,      0.320
23.751,             3.348,      2.518,      1.829,      0.524,      2.900,      1.610,      0.668,      0.313
23.612,             3.352,      2.510,      1.831,      0.517,      2.903,      1.602,      0.671,      0.306
23.474,             3.355,      2.502,      1.834,      0.509,      2.906,      1.594,      0.674,      0.299
23.336,             3.359,      2.494,      1.837,      0.502,      2.910,      1.586,      0.676,      0.292
23.197,             3.362,      2.486,      1.840,      0.494,      2.913,      1.578,      0.679,      0.285
23.059,             3.365,      2.478,      1.843,      0.487,      2.916,      1.570,      0.682,      0.277
22.921,             3.369,      2.470,      1.846,      0.479,      2.919,      1.563,      0.685,      0.270
22.782,             3.372,      2.462,      1.849,      0.471,      2.923,      1.555,      0.688,      0.262
22.644,             3.376,      2.454,      1.852,      0.463,      2.926,      1.547,      0.691,      0.254
22.505,             3.379,      2.446,      1.855,      0.455,      2.929,      1.539,      0.694,      0.247
22.367,             3.382,      2.438,      1.858,      0.447,      2.932,      1.531,      0.698,      0.239
22.229,             3.386,      2.430,      1.862,      0.439,      2.936,      1.523,      0.701,      0.231
22.090,             3.389,      2.422,      1.865,      0.431,      2.939,      1.514,      0.704,      0.223
21.952,             3.392,      2.414,      1.868,      0.423,      2.942,      1.506,      0.707,      0.215
21.813,             3.395,      2.406,      1.872,      0.415,      2.945,      1.498,      0.711,      0.206
21.675,             3.399,      2.398,      1.875,      0.407,      2.949,      1.490,      0.714,      0.198
21.537,             3.402,      2.390,      1.878,      0.399,      2.952,      1.482,      0.718,      0.190
21.398,             3.405,      2.381,      1.882,      0.390,      2.955,      1.474,      0.721,      0.181
21.260,             3.408,      2.373,      1.885,      0.382,      2.959,      1.466,      0.725,      0.173
21.122,             3.411,      2.365,      1.889,      0.373,      2.962,      1.457,      0.728,      0.164
20.983,             3.414,      2.357,      1.893,      0.365,      2.965,      1.449,      0.732,      0.155
20.845,             3.418,      2.349,      1.896,      0.356,      2.969,      1.441,      0.736,      0.146
20.706,             3.421,      2.341,      1.900,      0.348,      2.972,      1.433,      0.740,      0.137
20.568,             3.424,      2.333,      1.904,      0.339,      2.976,      1.424,      0.743,      0.128
20.430,             3.427,      2.324,      1.908,      0.330,      2.979,      1.416,      0.747,      0.119
20.291,             3.430,      2.316,      1.912,      0.321,      2.982,      1.407,      0.751,      0.109
20.153,             3.433,      2.308,      1.916,      0.312,      2.986,      1.399,      0.755,      0.100
20.014,             3.436,      2.300,      1.920,      0.303,      2.989,      1.391,      0.760,      0.090
19.876,             3.439,      2.292,      1.924,      0.294,      2.993,      1.382,      0.764,      0.081
19.738,             3.442,      2.283,      1.928,      0.285,      2.996,      1.374,      0.768,      0.071
19.599,             3.445,      2.275,      1.932,      0.276,      3.000,      1.365,      0.772,      0.061
19.461,             3.448,      2.267,      1.936,      0.267,      3.003,      1.357,      0.777,      0.051
19.322,             3.450,      2.259,      1.941,      0.258,      3.007,      1.348,      0.781,      0.041
19.184,             3.453,      2.251,      1.945,      0.248,      3.010,      1.340,      0.786,      0.031
19.046,             3.456,      2.242,      1.949,      0.239,      3.014,      1.331,      0.790,      0.020
18.907,             3.459,      2.234,      1.954,      0.229,      3.018,      1.322,      0.795,      0.010
18.769,             3.462,      2.226,      1.959,      0.220,      3.021,      1.314,      0.800,     -0.001
18.631,             3.465,      2.218,      1.963,      0.210,      3.025,      1.305,      0.805,     -0.011
18.492,             3.467,      2.209,      1.968,      0.200,      3.028,      1.296,      0.810,     -0.022
18.354,             3.470,      2.201,      1.973,      0.191,      3.032,      1.288,      0.815,     -0.033
18.215,             3.473,      2.193,      1.977,      0.181,      3.036,      1.279,      0.820,     -0.044
18.077,             3.476,      2.185,      1.982,      0.171,      3.040,      1.270,      0.825,     -0.055
17.939,             3.478,      2.176,      1.987,      0.161,      3.043,      1.261,      0.830,     -0.067
17.800,             3.481,      2.168,      1.992,      0.151,      3.047,      1.253,      0.835,     -0.078
17.662,             3.484,      2.160,      1.998,      0.141,      3.051,      1.244,      0.841,     -0.090
17.523,             3.486,      2.151,      2.003,      0.131,      3.055,      1.235,      0.846,     -0.101
17.385,             3.489,      2.143,      2.008,      0.120,      3.058,      1.226,      0.852,     -0.113
17.247,             3.492,      2.135,      2.013,      0.110,      3.062,      1.217,      0.858,     -0.125
17.108,             3.494,      2.126,      2.019,      0.099,      3.066,      1.208,      0.863,     -0.137
16.970,             3.497,      2.118,      2.024,      0.089,      3.070,      1.199,      0.869,     -0.149
16.832,             3.499,      2.110,      2.030,      0.078,      3.074,      1.190,      0.875,     -0.161
16.693,             3.502,      2.101,      2.036,      0.068,      3.078,      1.181,      0.881,     -0.174
16.555,             3.504,      2.093,      2.041,      0.057,      3.082,      1.172,      0.887,     -0.186
16.416,             3.507,      2.085,      2.047,      0.046,      3.086,      1.163,      0.893,     -0.199
16.278,             3.509,      2.076,      2.053,      0.036,      3.090,      1.154,      0.900,     -0.212
16.140,             3.512,      2.068,      2.059,      0.025,      3.094,      1.145,      0.906,     -0.225
16.001,             3.514,      2.060,      2.065,      0.014,      3.098,      1.136,      0.913,     -0.238
15.863,             3.516,      2.051,      2.071,      0.003,      3.102,      1.127,      0.919,     -0.251
15.724,             3.519,      2.043,      2.078,     -0.009,      3.106,      1.118,      0.926,     -0.264
15.586,             3.521,      2.034,      2.084,     -0.020,      3.110,      1.108,      0.933,     -0.278
15.448,             3.523,      2.026,      2.090,     -0.031,      3.115,      1.099,      0.940,     -0.291
15.309,             3.526,      2.018,      2.097,     -0.042,      3.119,      1.090,      0.947,     -0.305
15.171,             3.528,      2.009,      2.104,     -0.054,      3.123,      1.081,      0.954,     -0.319
15.033,             3.530,      2.001,      2.110,     -0.065,      3.127,      1.071,      0.962,     -0.333
14.894,             3.533,      1.992,      2.117,     -0.077,      3.132,      1.062,      0.969,     -0.347
14.756,             3.535,      1.984,      2.124,     -0.088,      3.136,      1.053,      0.977,     -0.361
14.617,             3.537,      1.975,      2.131,     -0.100,      3.140,      1.043,      0.984,     -0.376
14.479,             3.539,      1.967,      2.138,     -0.112,      3.145,      1.034,      0.992,     -0.390
14.341,             3.541,      1.959,      2.145,     -0.124,      3.149,      1.025,      1.000,     -0.405
14.202,             3.543,      1.950,      2.153,     -0.136,      3.154,      1.015,      1.008,     -0.420
14.064,             3.546,      1.942,      2.160,     -0.148,      3.158,      1.006,      1.016,     -0.434
13.925,             3.548,      1.933,      2.168,     -0.160,      3.163,      0.996,      1.024,     -0.449
13.787,             3.550,      1.925,      2.175,     -0.172,      3.167,      0.987,      1.033,     -0.465
13.649,             3.552,      1.916,      2.183,     -0.184,      3.172,      0.977,      1.041,     -0.480
13.510,             3.554,      1.908,      2.191,     -0.196,      3.176,      0.968,      1.050,     -0.495
13.372,             3.556,      1.899,      2.199,     -0.209,      3.181,      0.958,      1.059,     -0.511
13.234,             3.558,      1.891,      2.207,     -0.221,      3.186,      0.949,      1.068,     -0.526
13.095,             3.560,      1.882,      2.215,     -0.233,      3.191,      0.939,      1.077,     -0.542
12.957,             3.562,      1.874,      2.223,     -0.246,      3.195,      0.930,      1.086,     -0.558
12.818,             3.564,      1.865,      2.232,     -0.258,      3.200,      0.920,      1.095,     -0.574
12.680,             3.566,      1.857,      2.240,     -0.271,      3.205,      0.910,      1.105,     -0.590
12.542,             3.568,      1.848,      2.249,     -0.284,      3.210,      0.901,      1.115,     -0.607
12.403,             3.570,      1.840,      2.258,     -0.296,      3.215,      0.891,      1.124,     -0.623
12.265,             3.571,      1.831,      2.267,     -0.309,      3.220,      0.881,      1.134,     -0.639
12.126,             3.573,      1.823,      2.276,     -0.322,      3.225,      0.872,      1.144,     -0.656
11.988,             3.575,      1.814,      2.285,     -0.335,      3.230,      0.862,      1.155,     -0.673
11.850,             3.577,      1.806,      2.294,     -0.348,      3.235,      0.852,      1.165,     -0.690
11.711,             3.579,      1.797,      2.303,     -0.361,      3.240,      0.843,      1.176,     -0.707
11.573,             3.580,      1.789,      2.313,     -0.374,      3.245,      0.833,      1.186,     -0.724
11.435,             3.582,      1.780,      2.322,     -0.387,      3.251,      0.823,      1.197,     -0.741
11.296,             3.584,      1.772,      2.332,     -0.400,      3.256,      0.813,      1.208,     -0.758
11.158,             3.586,      1.763,      2.342,     -0.414,      3.261,      0.803,      1.219,     -0.776
11.019,             3.587,      1.754,      2.352,     -0.427,      3.266,      0.794,      1.231,     -0.793
10.881,             3.589,      1.746,      2.362,     -0.440,      3.272,      0.784,      1.242,     -0.811
10.743,             3.591,      1.737,      2.372,     -0.454,      3.277,      0.774,      1.254,     -0.829
10.604,             3.592,      1.729,      2.382,     -0.467,      3.283,      0.764,      1.266,     -0.846
10.466,             3.594,      1.720,      2.393,     -0.480,      3.288,      0.755,      1.278,     -0.864
10.327,             3.595,      1.712,      2.403,     -0.494,      3.294,      0.745,      1.290,     -0.882
10.189,             3.597,      1.703,      2.414,     -0.507,      3.299,      0.735,      1.302,     -0.900
10.051,             3.598,      1.694,      2.425,     -0.521,      3.305,      0.725,      1.315,     -0.919
 9.912,             3.600,      1.686,      2.436,     -0.534,      3.310,      0.715,      1.327,     -0.937
 9.774,             3.601,      1.677,      2.447,     -0.548,      3.316,      0.705,      1.340,     -0.955
 9.635,             3.603,      1.669,      2.458,     -0.562,      3.322,      0.696,      1.353,     -0.974
 9.497,             3.604,      1.660,      2.470,     -0.575,      3.328,      0.686,      1.366,     -0.992
 9.359,             3.606,      1.652,      2.481,     -0.589,      3.333,      0.676,      1.380,     -1.011
 9.220,             3.607,      1.643,      2.493,     -0.603,      3.339,      0.666,      1.393,     -1.030
 9.082,             3.609,      1.634,      2.504,     -0.616,      3.345,      0.656,      1.407,     -1.048
 8.944,             3.610,      1.626,      2.516,     -0.630,      3.351,      0.646,      1.421,     -1.067
 8.805,             3.611,      1.617,      2.528,     -0.644,      3.357,      0.637,      1.435,     -1.086
 8.667,             3.613,      1.608,      2.540,     -0.658,      3.363,      0.627,      1.449,     -1.105
 8.528,             3.614,      1.600,      2.553,     -0.671,      3.369,      0.617,      1.463,     -1.124
 8.390,             3.615,      1.591,      2.565,     -0.685,      3.375,      0.607,      1.478,     -1.143
 8.252,             3.616,      1.583,      2.577,     -0.699,      3.381,      0.597,      1.493,     -1.162
 8.113,             3.618,      1.574,      2.590,     -0.713,      3.387,      0.588,      1.508,     -1.181
 7.975,             3.619,      1.565,      2.603,     -0.726,      3.394,      0.578,      1.523,     -1.201
 7.836,             3.620,      1.557,      2.616,     -0.740,      3.400,      0.568,      1.538,     -1.220
 7.698,             3.621,      1.548,      2.629,     -0.754,      3.406,      0.558,      1.553,     -1.239
 7.560,             3.622,      1.539,      2.642,     -0.768,      3.412,      0.549,      1.569,     -1.258
 7.421,             3.624,      1.531,      2.655,     -0.781,      3.419,      0.539,      1.585,     -1.278
 7.283,             3.625,      1.522,      2.668,     -0.795,      3.425,      0.529,      1.601,     -1.297
 7.145,             3.626,      1.513,      2.682,     -0.809,      3.431,      0.519,      1.617,     -1.317
 7.006,             3.627,      1.505,      2.695,     -0.823,      3.438,      0.510,      1.633,     -1.336
 6.868,             3.628,      1.496,      2.709,     -0.836,      3.444,      0.500,      1.650,     -1.355
 6.729,             3.629,      1.488,      2.723,     -0.850,      3.451,      0.490,      1.667,     -1.375
 6.591,             3.630,      1.479,      2.737,     -0.864,      3.457,      0.481,      1.683,     -1.394
 6.453,             3.631,      1.470,      2.751,     -0.877,      3.464,      0.471,      1.700,     -1.414
 6.314,             3.632,      1.462,      2.765,     -0.891,      3.470,      0.462,      1.718,     -1.433
 6.176,             3.633,      1.453,      2.779,     -0.904,      3.477,      0.452,      1.735,     -1.453
 6.037,             3.634,      1.444,      2.794,     -0.918,      3.484,      0.442,      1.752,     -1.472
 5.899,             3.635,      1.436,      2.808,     -0.931,      3.490,      0.433,      1.770,     -1.492
 5.761,             3.636,      1.427,      2.823,     -0.945,      3.497,      0.423,      1.788,     -1.511
 5.622,             3.636,      1.418,      2.837,     -0.958,      3.504,      0.414,      1.806,     -1.530
 5.484,             3.637,      1.410,      2.852,     -0.971,      3.510,      0.405,      1.824,     -1.550
 5.346,             3.638,      1.401,      2.867,     -0.985,      3.517,      0.395,      1.843,     -1.569
 5.207,             3.639,      1.392,      2.882,     -0.998,      3.524,      0.386,      1.861,     -1.588
 5.069,             3.640,      1.383,      2.897,     -1.011,      3.531,      0.376,      1.880,     -1.608
 4.930,             3.640,      1.375,      2.912,     -1.024,      3.538,      0.367,      1.899,     -1.627
 4.792,             3.641,      1.366,      2.928,     -1.037,      3.544,      0.358,      1.918,     -1.646
 4.654,             3.642,      1.357,      2.943,     -1.050,      3.551,      0.349,      1.937,     -1.665
 4.515,             3.643,      1.349,      2.958,     -1.063,      3.558,      0.339,      1.956,     -1.684
 4.377,             3.643,      1.340,      2.974,     -1.076,      3.565,      0.330,      1.975,     -1.703
 4.238,             3.644,      1.331,      2.990,     -1.089,      3.572,      0.321,      1.995,     -1.722
 4.100,             3.645,      1.323,      3.005,     -1.101,      3.579,      0.312,      2.015,     -1.741
 3.962,             3.645,      1.314,      3.021,     -1.114,      3.586,      0.303,      2.034,     -1.760
 3.823,             3.646,      1.305,      3.037,     -1.127,      3.593,      0.294,      2.054,     -1.779
 3.685,             3.646,      1.297,      3.053,     -1.139,      3.600,      0.285,      2.075,     -1.798
 3.547,             3.647,      1.288,      3.069,     -1.152,      3.607,      0.276,      2.095,     -1.816
 3.408,             3.647,      1.279,      3.085,     -1.164,      3.614,      0.267,      2.115,     -1.835
 3.270,             3.648,      1.270,      3.101,     -1.176,      3.621,      0.258,      2.136,     -1.853
 3.131,             3.648,      1.262,      3.118,     -1.188,      3.628,      0.249,      2.156,     -1.872
 2.993,             3.649,      1.253,      3.134,     -1.200,      3.635,      0.240,      2.177,     -1.890
 2.855,             3.649,      1.244,      3.150,     -1.212,      3.642,      0.231,      2.198,     -1.908
 2.716,             3.650,      1.236,      3.167,     -1.224,      3.649,      0.223,      2.219,     -1.926
 2.578,             3.650,      1.227,      3.183,     -1.236,      3.656,      0.214,      2.240,     -1.944
 2.439,             3.651,      1.218,      3.200,     -1.248,      3.663,      0.205,      2.261,     -1.962
 2.301,             3.651,      1.210,      3.216,     -1.260,      3.670,      0.197,      2.283,     -1.980
 2.163,             3.651,      1.201,      3.233,     -1.271,      3.677,      0.188,      2.304,     -1.997
 2.024,             3.652,      1.192,      3.250,     -1.282,      3.684,      0.180,      2.325,     -2.015
 1.886,             3.652,      1.183,      3.267,     -1.294,      3.691,      0.171,      2.347,     -2.033
 1.748,             3.652,      1.175,      3.283,     -1.305,      3.698,      0.163,      2.369,     -2.050
 1.609,             3.652,      1.166,      3.300,     -1.316,      3.705,      0.154,      2.391,     -2.067
 1.471,             3.653,      1.157,      3.317,     -1.327,      3.712,      0.146,      2.413,     -2.084
 1.332,             3.653,      1.149,      3.334,     -1.338,      3.719,      0.138,      2.434,     -2.101
 1.194,             3.653,      1.140,      3.351,     -1.349,      3.726,      0.130,      2.457,     -2.118
 1.056,             3.653,      1.131,      3.368,     -1.360,      3.733,      0.121,      2.479,     -2.135
 0.917,             3.653,      1.122,      3.385,     -1.370,      3.740,      0.113,      2.501,     -2.151
 0.779,             3.653,      1.114,      3.402,     -1.381,      3.747,      0.105,      2.523,     -2.168
 0.640,             3.654,      1.105,      3.419,     -1.391,      3.754,      0.097,      2.546,     -2.184
 0.502,             3.654,      1.096,      3.436,     -1.401,      3.761,      0.089,      2.568,     -2.200
 0.364,             3.654,      1.088,      3.453,     -1.411,      3.768,      0.081,      2.590,     -2.216
 0.225,             3.654,      1.079,      3.470,     -1.421,      3.775,      0.073,      2.613,     -2.232
 0.087,             3.654,      1.070,      3.487,     -1.431,      3.781,      0.065,      2.636,     -2.248
-0.052,             3.654,      1.061,      3.504,     -1.441,      3.788,      0.057,      2.658,     -2.263
-0.190,             3.654,      1.053,      3.521,     -1.451,      3.795,      0.050,      2.681,     -2.279
-0.328,             3.654,      1.044,      3.538,     -1.460,      3.802,      0.042,      2.704,     -2.294
-0.467,             3.654,      1.035,      3.555,     -1.470,      3.809,      0.034,      2.726,     -2.309
-0.605,             3.654,      1.026,      3.572,     -1.479,      3.815,      0.027,      2.749,     -2.324
-0.743,             3.653,      1.018,      3.589,     -1.488,      3.822,      0.019,      2.772,     -2.339
-0.882,             3.653,      1.009,      3.606,     -1.497,      3.829,      0.011,      2.795,     -2.354
-1.020,             3.653,      1.000,      3.623,     -1.506,      3.836,      0.004,      2.818,     -2.368
-1.159,             3.653,      0.992,      3.640,     -1.515,      3.842,     -0.003,      2.841,     -2.382
-1.297,             3.653,      0.983,      3.657,     -1.524,      3.849,     -0.011,      2.864,     -2.397
-1.435,             3.653,      0.974,      3.674,     -1.533,      3.855,     -0.018,      2.887,     -2.411
-1.574,             3.652,      0.965,      3.691,     -1.541,      3.862,     -0.026,      2.910,     -2.425
-1.712,             3.652,      0.957,      3.708,     -1.550,      3.869,     -0.033,      2.933,     -2.438
-1.851,             3.652,      0.948,      3.725,     -1.558,      3.875,     -0.040,      2.956,     -2.452
-1.989,             3.652,      0.939,      3.742,     -1.566,      3.881,     -0.047,      2.978,     -2.465
-2.127,             3.651,      0.931,      3.759,     -1.574,      3.888,     -0.054,      3.001,     -2.478
-2.266,             3.651,      0.922,      3.775,     -1.582,      3.894,     -0.061,      3.024,     -2.492
-2.404,             3.651,      0.913,      3.792,     -1.590,      3.901,     -0.068,      3.047,     -2.504
-2.542,             3.650,      0.904,      3.809,     -1.597,      3.907,     -0.075,      3.070,     -2.517
-2.681,             3.650,      0.896,      3.825,     -1.605,      3.913,     -0.082,      3.093,     -2.530
-2.819,             3.649,      0.887,      3.842,     -1.612,      3.920,     -0.089,      3.116,     -2.542
-2.958,             3.649,      0.878,      3.859,     -1.620,      3.926,     -0.096,      3.139,     -2.554
-3.096,             3.649,      0.870,      3.875,     -1.627,      3.932,     -0.103,      3.162,     -2.567
-3.234,             3.648,      0.861,      3.892,     -1.634,      3.938,     -0.110,      3.185,     -2.578
-3.373,             3.648,      0.852,      3.908,     -1.641,      3.944,     -0.116,      3.208,     -2.590
-3.511,             3.647,      0.844,      3.924,     -1.648,      3.950,     -0.123,      3.231,     -2.602
-3.650,             3.646,      0.835,      3.941,     -1.655,      3.956,     -0.130,      3.253,     -2.613
-3.788,             3.646,      0.826,      3.957,     -1.661,      3.962,     -0.136,      3.276,     -2.625
-3.926,             3.645,      0.817,      3.973,     -1.668,      3.968,     -0.143,      3.299,     -2.636
-4.065,             3.645,      0.809,      3.989,     -1.674,      3.974,     -0.149,      3.321,     -2.647
-4.203,             3.644,      0.800,      4.005,     -1.681,      3.980,     -0.156,      3.344,     -2.657
-4.341,             3.643,      0.791,      4.021,     -1.687,      3.985,     -0.162,      3.367,     -2.668
-4.480,             3.643,      0.783,      4.037,     -1.693,      3.991,     -0.168,      3.389,     -2.679
-4.618,             3.642,      0.774,      4.053,     -1.699,      3.997,     -0.175,      3.412,     -2.689
-4.757,             3.641,      0.765,      4.069,     -1.705,      4.002,     -0.181,      3.434,     -2.699
-4.895,             3.641,      0.757,      4.085,     -1.711,      4.008,     -0.187,      3.456,     -2.709
-5.033,             3.640,      0.748,      4.100,     -1.716,      4.013,     -0.194,      3.479,     -2.719
-5.172,             3.639,      0.739,      4.116,     -1.722,      4.019,     -0.200,      3.501,     -2.728
-5.310,             3.638,      0.731,      4.131,     -1.727,      4.024,     -0.206,      3.523,     -2.738
-5.449,             3.637,      0.722,      4.147,     -1.733,      4.030,     -0.212,      3.545,     -2.747
-5.587,             3.637,      0.713,      4.162,     -1.738,      4.035,     -0.218,      3.567,     -2.757
-5.725,             3.636,      0.705,      4.177,     -1.743,      4.040,     -0.224,      3.589,     -2.766
-5.864,             3.635,      0.696,      4.192,     -1.748,      4.045,     -0.230,      3.611,     -2.775
-6.002,             3.634,      0.687,      4.207,     -1.753,      4.051,     -0.236,      3.633,     -2.783
-6.140,             3.633,      0.679,      4.222,     -1.758,      4.056,     -0.242,      3.655,     -2.792
-6.279,             3.632,      0.670,      4.237,     -1.763,      4.061,     -0.248,      3.676,     -2.800
-6.417,             3.631,      0.661,      4.252,     -1.768,      4.066,     -0.254,      3.698,     -2.809
-6.556,             3.630,      0.653,      4.267,     -1.772,      4.071,     -0.260,      3.719,     -2.817
-6.694,             3.629,      0.644,      4.282,     -1.777,      4.075,     -0.265,      3.741,     -2.825
-6.832,             3.628,      0.635,      4.296,     -1.781,      4.080,     -0.271,      3.762,     -2.833
-6.971,             3.627,      0.627,      4.311,     -1.785,      4.085,     -0.277,      3.783,     -2.840
-7.109,             3.626,      0.618,      4.325,     -1.790,      4.090,     -0.283,      3.804,     -2.848
-7.248,             3.625,      0.609,      4.339,     -1.794,      4.094,     -0.288,      3.825,     -2.855
-7.386,             3.624,      0.601,      4.353,     -1.798,      4.099,     -0.294,      3.846,     -2.863
-7.524,             3.623,      0.592,      4.367,     -1.802,      4.104,     -0.300,      3.867,     -2.870
-7.663,             3.622,      0.583,      4.381,     -1.806,      4.108,     -0.305,      3.888,     -2.877
-7.801,             3.620,      0.575,      4.395,     -1.809,      4.112,     -0.311,      3.909,     -2.884
-7.940,             3.619,      0.566,      4.409,     -1.813,      4.117,     -0.316,      3.929,     -2.891
-8.078,             3.618,      0.557,      4.423,     -1.817,      4.121,     -0.322,      3.950,     -2.897
-8.216,             3.617,      0.549,      4.436,     -1.820,      4.125,     -0.327,      3.970,     -2.904
-8.355,             3.615,      0.540,      4.450,     -1.824,      4.130,     -0.333,      3.990,     -2.910
-8.493,             3.614,      0.532,      4.463,     -1.827,      4.134,     -0.338,      4.010,     -2.916
-8.631,             3.613,      0.523,      4.477,     -1.831,      4.138,     -0.343,      4.030,     -2.922
-8.770,             3.612,      0.514,      4.490,     -1.834,      4.142,     -0.349,      4.050,     -2.928
-8.908,             3.610,      0.506,      4.503,     -1.837,      4.146,     -0.354,      4.070,     -2.934
-9.047,             3.609,      0.497,      4.516,     -1.840,      4.150,     -0.359,      4.090,     -2.940
-9.185,             3.608,      0.488,      4.529,     -1.843,      4.154,     -0.365,      4.110,     -2.945
-9.323,             3.606,      0.480,      4.542,     -1.846,      4.157,     -0.370,      4.129,     -2.951
-9.462,             3.605,      0.471,      4.554,     -1.849,      4.161,     -0.375,      4.148,     -2.956
-9.600,             3.603,      0.463,      4.567,     -1.852,      4.165,     -0.380,      4.168,     -2.962
-9.739,             3.602,      0.454,      4.579,     -1.854,      4.168,     -0.386,      4.187,     -2.967
-9.877,             3.600,      0.445,      4.592,     -1.857,      4.172,     -0.391,      4.206,     -2.972
-10.015,             3.599,      0.437,      4.604,     -1.860,      4.175,     -0.396,      4.225,     -2.977
-10.154,             3.597,      0.428,      4.616,     -1.862,      4.179,     -0.401,      4.244,     -2.981
-10.292,             3.596,      0.420,      4.628,     -1.865,      4.182,     -0.406,      4.262,     -2.986
-10.430,             3.594,      0.411,      4.640,     -1.867,      4.185,     -0.411,      4.281,     -2.991
-10.569,             3.593,      0.403,      4.652,     -1.870,      4.189,     -0.416,      4.299,     -2.995
-10.707,             3.591,      0.394,      4.664,     -1.872,      4.192,     -0.421,      4.318,     -2.999
-10.846,             3.589,      0.385,      4.675,     -1.874,      4.195,     -0.426,      4.336,     -3.004
-10.984,             3.588,      0.377,      4.687,     -1.876,      4.198,     -0.431,      4.354,     -3.008
-11.122,             3.586,      0.368,      4.698,     -1.878,      4.201,     -0.436,      4.372,     -3.012
-11.261,             3.584,      0.360,      4.709,     -1.880,      4.204,     -0.441,      4.390,     -3.016
-11.399,             3.583,      0.351,      4.721,     -1.883,      4.207,     -0.446,      4.408,     -3.020
-11.538,             3.581,      0.343,      4.732,     -1.884,      4.210,     -0.451,      4.425,     -3.023
-11.676,             3.579,      0.334,      4.743,     -1.886,      4.213,     -0.456,      4.443,     -3.027
-11.814,             3.577,      0.326,      4.754,     -1.888,      4.215,     -0.461,      4.460,     -3.031
-11.953,             3.576,      0.317,      4.764,     -1.890,      4.218,     -0.466,      4.477,     -3.034
-12.091,             3.574,      0.309,      4.775,     -1.892,      4.221,     -0.471,      4.495,     -3.037
-12.229,             3.572,      0.300,      4.785,     -1.894,      4.223,     -0.476,      4.512,     -3.041
-12.368,             3.570,      0.292,      4.796,     -1.895,      4.226,     -0.481,      4.528,     -3.044
-12.506,             3.568,      0.283,      4.806,     -1.897,      4.228,     -0.485,      4.545,     -3.047
-12.645,             3.566,      0.275,      4.816,     -1.898,      4.230,     -0.490,      4.562,     -3.050
-12.783,             3.564,      0.266,      4.827,     -1.900,      4.233,     -0.495,      4.578,     -3.053
-12.921,             3.562,      0.258,      4.837,     -1.901,      4.235,     -0.500,      4.595,     -3.056
-13.060,             3.560,      0.249,      4.847,     -1.903,      4.237,     -0.505,      4.611,     -3.059
-13.198,             3.558,      0.241,      4.856,     -1.904,      4.239,     -0.509,      4.627,     -3.061
-13.337,             3.556,      0.232,      4.866,     -1.906,      4.241,     -0.514,      4.643,     -3.064
-13.475,             3.554,      0.224,      4.876,     -1.907,      4.243,     -0.519,      4.659,     -3.066
-13.613,             3.552,      0.215,      4.885,     -1.908,      4.245,     -0.524,      4.675,     -3.069
-13.752,             3.550,      0.207,      4.894,     -1.910,      4.247,     -0.528,      4.691,     -3.071
-13.890,             3.548,      0.198,      4.904,     -1.911,      4.249,     -0.533,      4.706,     -3.074
-14.028,             3.546,      0.190,      4.913,     -1.912,      4.251,     -0.538,      4.721,     -3.076
-14.167,             3.544,      0.181,      4.922,     -1.913,      4.253,     -0.542,      4.737,     -3.078
-14.305,             3.542,      0.173,      4.931,     -1.914,      4.254,     -0.547,      4.752,     -3.080
-14.444,             3.540,      0.164,      4.940,     -1.915,      4.256,     -0.552,      4.767,     -3.082
-14.582,             3.538,      0.156,      4.949,     -1.916,      4.258,     -0.556,      4.782,     -3.084
-14.720,             3.535,      0.147,      4.957,     -1.917,      4.259,     -0.561,      4.797,     -3.086
-14.859,             3.533,      0.139,      4.966,     -1.918,      4.261,     -0.566,      4.811,     -3.088
-14.997,             3.531,      0.131,      4.974,     -1.919,      4.262,     -0.570,      4.826,     -3.089
-15.136,             3.529,      0.122,      4.982,     -1.920,      4.263,     -0.575,      4.840,     -3.091
-15.274,             3.526,      0.114,      4.991,     -1.921,      4.265,     -0.580,      4.854,     -3.093
-15.412,             3.524,      0.105,      4.999,     -1.922,      4.266,     -0.584,      4.869,     -3.094
-15.551,             3.522,      0.097,      5.007,     -1.923,      4.267,     -0.589,      4.883,     -3.096
-15.689,             3.519,      0.089,      5.015,     -1.923,      4.268,     -0.593,      4.896,     -3.097
-15.827,             3.517,      0.080,      5.023,     -1.924,      4.269,     -0.598,      4.910,     -3.098
-15.966,             3.515,      0.072,      5.030,     -1.925,      4.270,     -0.603,      4.924,     -3.100
-16.104,             3.512,      0.063,      5.038,     -1.926,      4.271,     -0.607,      4.937,     -3.101
-16.243,             3.510,      0.055,      5.046,     -1.926,      4.272,     -0.612,      4.951,     -3.102
-16.381,             3.507,      0.047,      5.053,     -1.927,      4.273,     -0.616,      4.964,     -3.103
-16.519,             3.505,      0.038,      5.060,     -1.928,      4.274,     -0.621,      4.977,     -3.104
-16.658,             3.502,      0.030,      5.068,     -1.928,      4.275,     -0.625,      4.990,     -3.105
-16.796,             3.500,      0.022,      5.075,     -1.929,      4.275,     -0.630,      5.003,     -3.106
-16.935,             3.497,      0.013,      5.082,     -1.929,      4.276,     -0.634,      5.016,     -3.107
-17.073,             3.495,      0.005,      5.089,     -1.930,      4.277,     -0.639,      5.029,     -3.108
-17.211,             3.492,     -0.003,      5.095,     -1.931,      4.277,     -0.643,      5.042,     -3.109
-17.350,             3.490,     -0.012,      5.102,     -1.931,      4.278,     -0.648,      5.054,     -3.110
-17.488,             3.487,     -0.020,      5.109,     -1.932,      4.278,     -0.652,      5.066,     -3.110
-17.627,             3.484,     -0.028,      5.115,     -1.932,      4.279,     -0.657,      5.079,     -3.111
-17.765,             3.482,     -0.037,      5.122,     -1.933,      4.279,     -0.661,      5.091,     -3.112
-17.903,             3.479,     -0.045,      5.128,     -1.933,      4.279,     -0.666,      5.103,     -3.112
-18.042,             3.476,     -0.053,      5.135,     -1.933,      4.280,     -0.670,      5.115,     -3.113
-18.180,             3.474,     -0.062,      5.141,     -1.934,      4.280,     -0.675,      5.126,     -3.113
-18.318,             3.471,     -0.070,      5.147,     -1.934,      4.280,     -0.679,      5.138,     -3.114
-18.457,             3.468,     -0.078,      5.153,     -1.935,      4.280,     -0.684,      5.149,     -3.114
-18.595,             3.465,     -0.086,      5.159,     -1.935,      4.280,     -0.688,      5.161,     -3.114
-18.734,             3.463,     -0.095,      5.164,     -1.935,      4.280,     -0.693,      5.172,     -3.115
-18.872,             3.460,     -0.103,      5.170,     -1.936,      4.280,     -0.697,      5.183,     -3.115
-19.010,             3.457,     -0.111,      5.176,     -1.936,      4.280,     -0.702,      5.194,     -3.115
-19.149,             3.454,     -0.119,      5.181,     -1.936,      4.280,     -0.706,      5.205,     -3.116
-19.287,             3.451,     -0.128,      5.187,     -1.937,      4.280,     -0.710,      5.216,     -3.116
-19.426,             3.448,     -0.136,      5.192,     -1.937,      4.279,     -0.715,      5.227,     -3.116
-19.564,             3.445,     -0.144,      5.197,     -1.937,      4.279,     -0.719,      5.238,     -3.116
-19.702,             3.442,     -0.152,      5.203,     -1.937,      4.279,     -0.724,      5.248,     -3.116
-19.841,             3.440,     -0.160,      5.208,     -1.938,      4.278,     -0.728,      5.258,     -3.116
-19.979,             3.437,     -0.169,      5.213,     -1.938,      4.278,     -0.733,      5.269,     -3.116
-20.117,             3.434,     -0.177,      5.218,     -1.938,      4.278,     -0.737,      5.279,     -3.116
-20.256,             3.431,     -0.185,      5.222,     -1.938,      4.277,     -0.741,      5.289,     -3.116
-20.394,             3.428,     -0.193,      5.227,     -1.939,      4.276,     -0.746,      5.299,     -3.116
-20.533,             3.425,     -0.201,      5.232,     -1.939,      4.276,     -0.750,      5.309,     -3.116
-20.671,             3.421,     -0.209,      5.236,     -1.939,      4.275,     -0.755,      5.319,     -3.116
-20.809,             3.418,     -0.218,      5.241,     -1.939,      4.274,     -0.759,      5.328,     -3.115
-20.948,             3.415,     -0.226,      5.245,     -1.939,      4.274,     -0.763,      5.338,     -3.115
-21.086,             3.412,     -0.234,      5.249,     -1.939,      4.273,     -0.768,      5.347,     -3.115
-21.225,             3.409,     -0.242,      5.254,     -1.940,      4.272,     -0.772,      5.356,     -3.115
-21.363,             3.406,     -0.250,      5.258,     -1.940,      4.271,     -0.777,      5.366,     -3.114
-21.501,             3.403,     -0.258,      5.262,     -1.940,      4.270,     -0.781,      5.375,     -3.114